Wavelength (nm)	D2O loss (dB/m)
180	68.9820091
182	67.34082435
184	72.69068964
186	137.2424875
188	132.305465
190	111.6768249
192	91.7012748
194	74.94001795
196	60.49119391
198	49.52209894
200	41.01649367
202	35.00146165
204	30.43742111
206	26.96509791
208	24.41725116
210	22.32887499
212	20.48486781
214	18.86091341
216	17.42199711
218	16.17247593
220	14.87030683
222	13.65519023
224	12.51856905
226	11.55686114
228	10.73410737
230	10.0702432
232	9.513455195
234	9.073770092
236	8.659224583
238	8.25171945
240	7.995687932
242	7.675897987
244	7.451460358
246	7.210562437
248	6.974383096
250	6.748272718
252	6.556808968
254	6.338166322
256	6.061514537
258	5.86841815
260	5.676024098
262	5.489768497
264	5.351751418
266	5.207383335
268	5.068626207
270	4.957238388
272	4.825642461
274	4.77063886
276	4.636571277
278	4.527737555
280	4.444250395
282	4.257887876
284	4.185284144
286	4.040411962
288	3.912362252
290	3.825287553
292	3.646674848
294	3.498491253
296	3.459117681
298	3.346672354
300	3.277622717
302	3.161431592
304	3.115989898
306	2.969772237
308	2.934166429
310	2.917269509
312	2.760080878
314	2.668564126
316	2.626217335
318	2.641816276
320	2.598795611
322	2.539319992
324	2.492677524
326	2.518740909
328	2.492194704
330	2.424337959
332	2.39026652
334	2.322769456
336	2.373944213
338	2.289748746
340	2.321888484
342	2.256451952
344	2.198048976
346	2.218032792
348	2.227726082
350	2.189036137
352	2.165066465
354	2.15377152
356	2.117768226
358	2.100030591
360	2.090301472
362	2.097920046
364	2.069524153
366	2.080778922
368	2.015057631
370	1.979826414
372	1.973553904
374	1.935930524
376	1.911700247
378	1.923540016
380	1.894148642
382	1.878896249
384	1.851102598
386	1.850440579
388	1.807796484
390	1.788052802
392	1.835740875
394	1.757314529
396	1.764556532
398	1.731371303
400	1.738375037
402	1.747552075
404	1.751945606
406	1.689118788
408	1.707617825
410	1.716844954
412	1.709512893
414	1.695459879
416	1.708221923
418	1.693948086
420	1.648729503
422	1.603002386
424	1.605667372
426	1.547761902
428	1.576332051
430	1.578398131
432	1.55558074
434	1.496523298
436	1.497984326
438	1.531407853
440	1.545683675
442	1.523816391
444	1.506767417
446	1.504028891
448	1.473647884
450	1.466078547
452	1.463021951
454	1.496203235
456	1.436289859
458	1.465272559
460	1.430475358
462	1.460557363
464	1.447583835
466	1.411632693
468	1.389918154
470	1.413958722
472	1.424362982
474	1.390947364
476	1.336361956
478	1.360991858
480	1.390143543
482	1.398505569
484	1.400575181
486	1.388529484
488	1.3668315
490	1.367295216
492	1.381255914
494	1.395823704
496	1.373172954
498	1.33181522
500	1.401487756
502	1.365257661
504	1.358367859
506	1.345217126
508	1.348769276
510	1.358500852
512	1.349772901
514	1.324397962
516	1.355232316
518	1.343653946
520	1.362984306
522	1.312862321
524	1.359704461
526	1.400670835
528	1.349263922
530	1.324336198
532	1.278296652
534	1.29148151
536	1.222045008
538	1.252315823
540	1.247195137
542	1.243741983
544	1.269936401
546	1.24255662
548	1.212982366
550	1.196944825
552	1.201188426
554	1.207966252
556	1.176272457
558	1.185513012
560	1.25433257
562	1.156365385
564	1.120344421
566	1.151221797
568	1.147005732
570	1.143902964
572	1.104272618
574	1.163723889
576	1.202186541
578	1.170943423
580	1.196461311
582	1.173708735
584	1.174027522
586	1.176410024
588	1.141464563
590	1.18635904
592	1.173963774
594	1.127364474
596	1.160383859
598	1.162922236
600	1.109531028
602	1.120137805
604	1.143263849
606	1.106144812
608	1.06458793
610	1.096423051
612	1.135507035
614	1.090240892
616	1.082805216
618	1.107118294
620	1.123018846
622	1.07612245
624	1.091527368
626	1.078954423
628	1.07952345
630	1.112562325
632	1.073461015
634	1.067761364
636	1.073006076
638	1.074264808
640	1.103175689
642	1.04413502
644	1.07432305
646	1.051418549
648	1.041255435
650	1.059925942
652	1.086249621
654	1.078102582
656	1.070142746
658	1.035839913
660	1.010471614
662	1.049377802
664	1.067770085
666	1.064714952
668	1.065073088
670	1.079125685
672	1.052732927
674	1.084530375
676	1.106359857
678	1.079195858
680	1.054072036
682	1.068813858
684	1.050621434
686	1.039794829
688	1.095391825
690	1.041741833
692	1.051877567
694	1.021128981
696	1.04997942
698	1.047002825
700	1.053295893
702	1.065843816
704	1.053866475
706	1.050343386
708	1.096939434
710	1.060766787
712	1.09328479
714	1.068192197
716	1.087081058
718	1.044733557
720	1.042320709
722	1.119623577
724	1.081866574
726	1.109337242
728	1.096656691
730	1.092667804
732	1.095733712
734	1.149733956
736	1.100609343
738	1.133261773
740	1.133318814
742	1.09001043
744	1.083769764
746	1.116954593
748	1.127757665
750	1.071471778
752	1.104027627
754	1.119251438
756	1.140508179
758	1.106200294
760	1.10710098
762	1.113271068
764	1.186136671
766	1.158529539
768	1.293829841
770	1.112675961
772	1.12457104
774	1.102971542
776	1.110954603
778	1.201034372
780	1.152421995
782	1.190348115
784	1.218782929
786	1.306888399
788	1.315463692
790	1.321598246
792	1.349443378
794	1.3827682
796	1.3824201
798	1.410437917
800	1.329553032
802	0.668260156
804	0.626877723
806	0.617797085
808	0.740510591
810	0.584173578
812	0.684424123
814	0.698554145
816	0.59423027
818	0.706596994
820	0.617424008
822	0.640815182
824	0.615841192
826	0.678260087
828	0.673349
830	0.582477095
832	0.717528759
834	0.633199379
836	0.593520644
838	0.674679477
840	0.622269974
842	0.605867228
844	0.638616289
846	0.668931186
848	0.617600497
850	0.623988112
852	0.648891046
854	0.594923269
856	0.641512029
858	0.645116689
860	0.633305235
862	0.628978063
864	0.650932221
866	0.593983574
868	0.634559489
870	0.631134683
872	0.597999956
874	0.589163614
876	0.595968944
878	0.591538428
880	0.592880798
882	0.618825969
884	0.607216514
886	0.594807821
888	0.594264392
890	0.587998727
892	0.568962743
894	0.585227369
896	0.576640481
898	0.552657652
900	0.549661305
902	0.507010133
904	0.542651496
906	0.509365647
908	0.484596515
910	0.50950286
912	0.46642375
914	0.499465685
916	0.503493313
918	0.515932307
920	0.521547278
922	0.551518033
924	0.500864464
926	0.537694931
928	0.588328954
930	0.576385717
932	0.631080253
934	0.641438261
936	0.67167494
938	0.721209147
940	0.753945152
942	0.845665021
944	0.909883388
946	1.007870127
948	1.150813632
950	1.285618083
952	1.504206138
954	1.701085587
956	1.89590553
958	2.086269207
960	2.249680053
962	2.448515101
964	2.634851141
966	2.814396312
968	3.030114092
970	3.226070345
972	3.443041831
974	3.659009694
976	3.906871502
978	4.148674958
980	4.382564268
982	4.559689491
984	4.705845825
986	4.810394839
988	4.919431231
990	4.977915211
992	5.043489986
994	5.098532644
996	5.123282009
998	5.172871508
1000	5.195662629
1002	5.204141727
1004	5.23727337
1006	5.249124112
1008	5.278150325
1010	5.292135232
1012	5.310656802
1014	5.337250104
1016	5.3246714
1018	5.337397882
1020	5.330536202
1022	5.306683112
1024	5.290626431
1026	5.253634722
1028	5.220476748
1030	5.173527199
1032	5.125815646
1034	5.103967525
1036	5.008713673
1038	4.941458466
1040	4.874266093
1042	4.807400363
1044	4.705698867
1046	4.609021308
1048	4.510784387
1050	4.427558042
1052	4.295866903
1054	4.199927835
1056	4.093641692
1058	3.983535768
1060	3.884928248
1062	3.771978815
1064	3.670159591
1066	3.558784313
1068	3.444737387
1070	3.361614063
1072	3.249981679
1074	3.176413349
1076	3.080608272
1078	3.002515424
1080	2.928747629
1082	2.874192175
1084	2.838214473
1086	2.80514548
1088	2.778251459
1090	2.803795154
1092	2.818108116
1094	2.861372334
1096	2.908130156
1098	2.958866217
1100	3.049210336
1102	3.119081435
1104	3.208944125
1106	3.308291733
1108	3.424274367
1110	3.578190412
1112	3.719473336
1114	3.907619537
1116	4.087041391
1118	4.276242979
1120	4.466868273
1122	4.618141904
1124	4.775649356
1126	4.899188684
1128	4.990337344
1130	5.109090842
1132	5.181702521
1134	5.23299082
1136	5.335800121
1138	5.424294841
1140	5.514679659
1142	5.604213595
1144	5.694235393
1146	5.791193391
1148	5.882200656
1150	5.972576865
1152	6.059640686
1154	6.142238564
1156	6.230027712
1158	6.303528827
1160	6.40557263
1162	6.523260554
1164	6.63758107
1166	6.81458994
1168	7.001319837
1170	7.260718233
1172	7.541733582
1174	7.815037785
1176	8.05721106
1178	8.237547901
1180	8.395664494
1182	8.548059182
1184	8.660182818
1186	8.7991509
1188	8.911374423
1190	9.034283733
1192	9.172780026
1194	9.287604131
1196	9.424693332
1198	9.55524677
1200	9.69036816
1202	9.865266728
1204	10.0042587
1206	10.17892561
1208	10.35779408
1210	10.53875683
1212	10.76569276
1214	10.99039269
1216	11.24041515
1218	11.5288048
1220	11.80134342
1222	12.14417798
1224	12.50453136
1226	12.91485651
1228	13.3824337
1230	13.86932074
1232	14.47855547
1234	15.14146313
1236	15.91423856
1238	16.86714118
1240	17.91886736
1242	19.16252157
1244	20.55136709
1246	22.21393275
1248	24.1512273
1250	26.29795892
1252	28.78639491
1254	31.5443585
1256	34.15827455
1258	37.09086706
1260	40.19555006
1262	43.32759611
1264	47.04960544
1266	50.54178843
1268	54.14674135
1270	57.471993
1272	60.92073523
1274	64.04936749
1276	67.16014836
1278	70.42361521
1280	74.25007158
1282	78.03126484
1284	81.85002783
1286	85.52920542
1288	88.92926626
1290	92.24962637
1292	95.37039817
1294	98.03278956
1296	100.4076007
1298	102.4603795
1300	104.3709286
1302	105.7878303
1304	107.1657284
1306	108.4085094
1308	109.4895085
1310	110.4484632
1312	111.3291818
1314	112.1555745
1316	112.7778252
1318	113.4521636
1320	114.226406
1322	114.5365947
1324	114.6649528
1326	114.5482264
1328	114.2935731
1330	113.8506064
1332	113.2792262
1334	112.5261092
1336	111.5397092
1338	110.4831104
1340	109.242996
1342	107.9199636
1344	106.4300999
1346	104.8524834
1348	103.1515409
1350	101.2889957
1352	99.36171912
1354	97.39016433
1356	95.29800931
1358	93.19787481
1360	91.06670292
1362	88.68990049
1364	86.49490939
1366	84.3283109
1368	81.9743713
1370	79.74658462
1372	77.5388322
1374	75.44236607
1376	73.31988521
1378	71.46347402
1380	69.54947995
1382	67.80923225
1384	66.32793864
1386	65.14206246
1388	64.33640338
1390	63.89421649
1392	63.78430966
1394	64.03292436
1396	64.43901969
1398	64.90518575
1400	64.93945284
1402	64.72284481
1404	64.09026168
1406	63.189617
1408	61.95496585
1410	60.69463009
1412	59.27206703
1414	57.81843007
1416	56.36426028
1418	55.08558055
1420	53.76072629
1422	52.58639494
1424	51.37407243
1426	50.34961378
1428	49.27744375
1430	48.33239674
1432	47.46930667
1434	46.72780674
1436	45.98978809
1438	45.38577116
1440	44.79753504
1442	44.29061104
1444	43.89146046
1446	43.50534517
1448	43.26539805
1450	43.02404276
1452	42.88110162
1454	42.82315648
1456	42.79883416
1458	42.84750318
1460	42.94573268
1462	43.07507288
1464	43.30663871
1466	43.55872944
1468	43.90023427
1470	44.27936057
1472	44.69299231
1474	45.17516728
1476	45.68489844
1478	46.24755406
1480	46.87336822
1482	47.49834703
1484	48.17589251
1486	48.78964005
1488	49.4451212
1490	50.19724775
1492	50.93371301
1494	51.75001334
1496	52.56949815
1498	53.47807092
1500	54.42907668
1502	55.37516267
1504	56.5304762
1506	57.74556772
1508	59.21321612
1510	60.85691797
1512	62.65884854
1514	64.89425178
1516	67.55039442
1518	70.51294149
1520	74.02032881
1522	78.25536998
1524	83.1994204
1526	88.93111468
1528	95.05383759
1530	102.0309058
1532	108.8797945
1534	116.1789868
1536	123.3660651
1538	131.0789107
1540	138.8181696
1542	146.8809508
1544	155.4863336
1546	165.3867465
1548	175.7077099
1550	186.3265295
1552	196.4362836
1554	206.6509888
1556	215.827221
1558	224.4396846
1560	231.9309667
1562	238.9561705
1564	244.8950631
1566	250.1711558
1568	254.2741201
1570	257.8136131
1572	260.8914757
1574	263.4041413
1576	265.4794807
1578	267.0755063
1580	268.4580796
1582	269.6029954
1584	270.605615
1586	271.5342517
1588	272.4338296
1590	273.4419106
1592	274.5520808
1594	275.7738973
1596	277.1376589
1598	278.7738808
1600	280.5238161
1602	282.3120256
1604	284.1499839
1606	285.8111483
1608	287.2450601
1610	288.550605
1612	289.4063125
1614	290.0322368
1616	290.46088
1618	290.5302035
1620	290.3817188
1622	290.2228906
1624	289.7823195
1626	289.1841261
1628	288.4090418
1630	287.7591116
1632	287.1680454
1634	286.0963259
1636	285.2310283
1638	284.3756083
1640	283.2199674
1642	282.3235916
1644	281.02216
1646	279.9194649
1648	278.7883321
1650	277.3556829
1652	276.2317831
1654	274.5239239
1656	272.7810405
1658	270.6789742
1660	268.9933239
1662	267.6678552
1664	265.1517083
1666	262.975315
1668	261.8119556
1670	259.6346604
1672	257.4664985
1674	254.4685267
1676	252.6971203
1678	250.071855
1680	247.4060748
1682	244.3179168
1684	243.0166941
1686	240.7592295
1688	238.2046347
1690	235.8767031
1692	232.7304069
1694	230.9451108
1696	228.276248
1698	226.3443287
1700	223.75098
1702	222.1207956
1704	219.2232167
1706	218.7904404
1708	217.6091773
1710	215.964102
1712	214.9631847
1714	214.0984729
1716	213.5796365
1718	212.9372423
1720	212.2713084
1722	213.2161406
1724	213.1693526
1726	213.9070731
1728	215.3408564
1730	216.4739185
1732	217.5180721
1734	219.5649842
1736	221.4979062
1738	224.3775059
1740	227.1058986
1742	229.1499086
1744	232.7431762
1746	237.2348598
1748	240.7409479
1750	245.6022415
1752	250.7271022
1754	255.9063723
1756	261.5060464
1758	266.9620572
1760	273.7011854
1762	280.6794953
1764	287.5182293
1766	295.3312841
1768	303.679912
1770	312.7041491
1772	322.0308628
1774	330.8757057
1776	339.5875589
1778	349.0130419
1780	362.1347495
1782	368.3300286
1784	382.4376934
1786	398.7803453
1788	401.8920769
1790	417.4682276
1792	430.6483059
1794	441.3168852
1796	456.4382849
1798	453.6288339
1800	484.7998421
1802	495.0823426
1804	504.7036236
1806	512.4265005
1808	537.0379687
1810	512.6914616
1812	542.0760738
1814	569.2023934
1816	537.0134519
1818	559.871909
1820	580.2432938
1822	574.7198274
1824	576.2147758
1826	562.3557351
1828	585.6052774
1830	570.573633
1832	585.0492669
1834	577.3655345
1836	604.2621095
1838	577.849975
1840	605.6936381
1842	613.856074
1844	615.0485181
1846	647.2326028
1848	600.8820614
1850	608.2978397
1852	708.5546696
1854	651.3469467
1856	577.2852649
1858	596.4916822
1860	601.6710611
1862	550.6403664
1864	621.8637262
1866	538.1617714
1868	607.8911466
1870	585.8568101
1872	611.382346
1874	560.3920101
1876	539.0042362
1878	565.0507844
1880	521.5341672
1882	586.2332935
1884	596.0449335
1886	525.3030069
1888	557.2299888
1890	637.5035068
1892	592.7786931
1894	586.717019
1896	551.0532773
1898	490.5946183
1900	535.5443798
1902	549.8597237
1904	497.1117385
1906	579.0114941
1908	504.3167253
1910	531.0475461
1912	476.3898187
1914	496.7974969
1916	439.8580855
1918	513.0885468
1920	534.630506
1922	449.0182385
1924	452.0594422
1926	447.733402
1928	458.5423978
1930	478.5230927
1932	495.1457416
1934	412.9950174
1936	490.5801409
1938	456.3029765
1940	433.4943558
1942	449.2380119
1944	405.6413952
1946	457.2584374
1948	416.5104253
1950	421.4306758
1952	415.3023908
1954	428.2338664
1956	412.6307627
1958	383.4341418
1960	419.9806513
1962	383.4743185
1964	451.2895496
1966	415.7637889
1968	516.4010144
1970	404.0630728
1972	431.4860249
1974	414.0649907
1976	420.7593394
1978	400.6697459
1980	398.157438
1982	366.0243567
1984	388.9526981
1986	410.4598306
1988	345.5443509
1990	434.0549031
1992	492.6241515
1994	405.7498909
1996	403.2491092
1998	404.8952902
2000	388.896682
