Wavelength (nm)	H2O loss (dB/m)
180	62.74090732
182	58.77840166
184	63.96491157
186	201.6693053
188	241.591229
190	151.6373001
192	91.40223993
194	59.63861473
196	42.51956695
198	33.20837993
200	27.19444118
202	23.18571996
204	20.22074446
206	17.71338685
208	15.83748009
210	14.19821519
212	12.93161375
214	11.97918126
216	11.23826805
218	10.61276304
220	10.07327474
222	9.553576135
224	9.024861689
226	8.600764569
228	8.22160097
230	8.009313578
232	7.763912113
234	7.560427461
236	7.415325884
238	7.26225013
240	7.189017673
242	7.068021998
244	6.938450858
246	6.762748241
248	6.53591275
250	6.366961306
252	6.115185421
254	5.987293536
256	5.814077407
258	5.740833322
260	5.684545482
262	5.603737171
264	5.549262107
266	5.56378119
268	5.539220789
270	5.507545509
272	5.552376997
274	5.586177891
276	5.588226121
278	5.655317563
280	5.735763203
282	5.842679536
284	5.936648977
286	6.006473294
288	5.990570009
290	5.968110259
292	5.839603028
294	5.582486254
296	5.302252379
298	5.06394133
300	4.784662761
302	4.527314208
304	4.347290015
306	4.143319947
308	4.034047213
310	3.956408626
312	3.857294864
314	3.809366369
316	3.680913581
318	3.671758965
320	3.731885437
322	3.689857931
324	3.600404384
326	3.567596518
328	3.54033691
330	3.511895087
332	3.473090233
334	3.405719109
336	3.308145286
338	3.26772558
340	3.255684048
342	3.212761219
344	3.16389612
346	3.115273244
348	3.102541924
350	3.081712754
352	3.003163314
354	3.041449972
356	2.983804184
358	3.082423158
360	3.064500356
362	3.008871115
364	3.000788134
366	2.988977792
368	3.010485559
370	3.024201396
372	3.031788206
374	2.98098267
376	2.964190131
378	2.942145404
380	2.985785823
382	2.926925316
384	2.944923823
386	2.922135116
388	2.934155903
390	2.904191174
392	2.911481766
394	2.881297155
396	2.897949128
398	2.898352638
400	2.898191302
402	2.881021493
404	2.886283417
406	2.84249991
408	2.884406184
410	2.864611904
412	2.895428903
414	2.867081045
416	2.87227073
418	2.830080335
420	2.856136801
422	2.890446239
424	2.881401736
426	2.866269896
428	2.846784889
430	2.870440918
432	2.868292937
434	2.829372169
436	2.783725448
438	2.860063812
440	2.857939022
442	2.826724442
444	2.827031043
446	2.835180296
448	2.874725189
450	2.852661694
452	2.813259255
454	2.838212705
456	2.84798615
458	2.823370401
460	2.848620287
462	2.785200374
464	2.849461559
466	2.832831248
468	2.817808206
470	2.837543141
472	2.982309199
474	2.993754413
476	2.949340321
478	2.928345641
480	2.924273729
482	2.942652686
484	2.900121414
486	2.845413716
488	2.835630094
490	2.839010194
492	2.86508931
494	2.867297441
496	2.856097579
498	2.895060734
500	2.874756634
502	2.851335388
504	2.91320919
506	2.920747176
508	2.862405786
510	2.963518079
512	2.961218555
514	2.937228188
516	2.93547341
518	2.903511629
520	2.914536812
522	3.012128867
524	2.930967165
526	2.920187141
528	2.944008832
530	2.89902879
532	2.984488905
534	3.000939625
536	3.026436644
538	3.029092627
540	3.069432322
542	3.103915351
544	3.097838269
546	3.100909085
548	3.132496716
550	3.121967325
552	3.154700324
554	3.257834052
556	3.327723743
558	3.400895297
560	3.446906285
562	3.531279054
564	3.643678473
566	3.676348129
568	3.667686744
570	3.818785173
572	3.831757153
574	3.87759819
576	3.797622266
578	3.906551966
580	3.993627069
582	4.053912392
584	4.147915628
586	4.270870476
588	4.385045414
590	4.528345356
592	4.655415118
594	4.822605554
596	4.977345855
598	5.155625812
600	5.35282351
602	5.479217148
604	5.630808932
606	5.690498538
608	5.74220279
610	5.874178708
612	5.925126579
614	5.970087514
616	6.068338272
618	6.0958008
620	6.195071673
622	6.22446986
624	6.350795134
626	6.388964372
628	6.448880235
630	6.490469642
632	6.664830268
634	6.695720053
636	6.773233915
638	6.834900028
640	6.908155622
642	6.994635577
644	7.074922343
646	7.059550978
648	7.109393708
650	7.158997162
652	7.162114051
654	7.221512091
656	7.212525163
658	7.242108614
660	7.199112841
662	7.001950823
664	6.844951962
666	6.738276166
668	6.583522034
670	6.365063959
672	6.20775405
674	6.013636645
676	5.841034266
678	5.644587161
680	5.498230666
682	5.268300463
684	5.170518854
686	5.041234162
688	4.988723624
690	4.883598158
692	4.922839051
694	4.97694627
696	5.001248915
698	4.993483535
700	5.121675828
702	5.233425387
704	5.353725319
706	5.56163978
708	5.701168353
710	5.899397751
712	6.143760797
714	6.551585577
716	6.861115575
718	7.318919853
720	7.723784741
722	8.148004266
724	8.642242289
726	9.243027523
728	10.00025148
730	10.85894028
732	11.89075262
734	12.87247593
736	13.5231003
738	13.95766693
740	14.18478394
742	14.3387767
744	14.30119468
746	14.34046306
748	14.4362886
750	14.42630247
752	14.40743869
754	14.41646538
756	14.40934158
758	14.44183299
760	14.35415986
762	14.44445737
764	14.4331775
766	14.18968582
768	14.15914124
770	14.09068429
772	14.21373163
774	14.35266828
776	13.73739804
778	13.99346604
780	13.63827164
782	13.31064812
784	13.08265924
786	12.78965626
788	12.62218319
790	12.44456116
792	12.35442883
794	12.00760224
796	11.89950995
798	11.97059673
800	11.80699157
802	9.254758726
804	9.185277522
806	9.267957828
808	9.109715633
810	9.173859525
812	9.276628909
814	9.270320061
816	9.533738441
818	9.733339426
820	9.940398392
822	10.38311927
824	10.90666434
826	11.72423998
828	12.74536656
830	13.98979503
832	14.9951567
834	15.7892685
836	16.28844555
838	16.66140088
840	16.95921662
842	17.21823648
844	17.45162669
846	17.76333331
848	18.02441326
850	18.30247992
852	18.5692373
854	18.76355788
856	19.03951866
858	19.23881617
860	19.43364773
862	19.65759826
864	19.98466737
866	20.18808511
868	20.51359967
870	20.85605272
872	21.19900991
874	21.58529904
876	21.98359997
878	22.51248739
880	22.97764519
882	23.48760247
884	24.03048591
886	24.51940387
888	25.03068851
890	25.51133387
892	26.00145355
894	26.49284976
896	26.98979172
898	27.4931796
900	28.03570225
902	28.55636563
904	29.15262716
906	29.80940352
908	30.58325467
910	31.35549099
912	32.22986209
914	33.26458544
916	34.60206042
918	36.20317332
920	38.46098196
922	40.68307134
924	43.40645446
926	46.45915131
928	50.13574138
930	54.40068352
932	59.21924963
934	64.37652757
936	70.34910297
938	76.4664239
940	83.31873549
942	90.77767964
944	98.49933667
946	107.4333718
948	118.9809786
950	132.028103
952	146.9615454
954	161.7175748
956	175.2114475
958	186.0013493
960	193.9407098
962	199.0544333
964	202.5316721
966	204.9204794
968	206.7912641
970	208.227717
972	209.1053932
974	209.6675798
976	209.6462549
978	209.0175906
980	207.783439
982	206.0366689
984	203.9024776
986	201.4796578
988	198.3243399
990	195.0314004
992	191.4019872
994	187.545863
996	183.4864914
998	179.2908282
1000	174.9048045
1002	170.4043725
1004	165.649223
1006	161.343796
1008	156.102672
1010	151.1204386
1012	145.9797295
1014	141.0017597
1016	135.8892813
1018	131.0610684
1020	125.9428812
1022	121.1663698
1024	116.3447411
1026	111.9223588
1028	107.4014866
1030	103.3072563
1032	99.14287677
1034	95.38934321
1036	91.66967394
1038	88.16147557
1040	84.74486872
1042	81.78028501
1044	78.84954757
1046	76.198646
1048	73.71744844
1050	71.6154563
1052	69.60050675
1054	68.01083255
1056	66.54344096
1058	65.31211753
1060	64.2255322
1062	63.37471259
1064	62.70318376
1066	62.24978466
1068	61.95966291
1070	61.85649704
1072	61.99490015
1074	62.31198956
1076	62.81051529
1078	63.58284682
1080	64.56159029
1082	65.70850259
1084	66.9691604
1086	68.57393845
1088	70.30894736
1090	72.19443727
1092	74.38030284
1094	76.5156836
1096	78.83947842
1098	81.5192948
1100	83.85983755
1102	86.58628987
1104	89.08620787
1106	91.77321246
1108	94.70703173
1110	97.46359031
1112	100.1938351
1114	103.2855499
1116	106.2191517
1118	109.6878322
1120	113.7895016
1122	119.3593932
1124	125.7806057
1126	133.5021119
1128	143.6502445
1130	156.7894202
1132	171.9352191
1134	191.7113334
1136	216.4532048
1138	245.1907142
1140	277.8662094
1142	310.0472912
1144	344.8786588
1146	379.0658575
1148	410.5428692
1150	436.4233029
1152	458.0556002
1154	475.2553728
1156	487.2937738
1158	496.551683
1160	504.4221801
1162	510.6530353
1164	514.8489418
1166	517.8425727
1168	521.3031852
1170	523.7260072
1172	526.2867551
1174	528.0910546
1176	529.9114239
1178	532.8502874
1180	534.781518
1182	538.3448605
1184	541.0898743
1186	544.162932
1188	547.6296821
1190	549.9167717
1192	550.6859276
1194	552.8187303
1196	553.6200588
1198	552.8421162
1200	552.03447
1202	550.2109762
1204	548.4344328
1206	545.188261
1208	543.0316502
1210	540.9257284
1212	538.865819
1214	535.30621
1216	532.1030137
1218	529.2420545
1220	526.6396941
1222	523.7279346
1224	520.922647
1226	516.7622835
1228	514.3580751
1230	511.3277339
1232	507.9158791
1234	505.4320378
1236	501.4810505
1238	498.0031543
1240	495.3627641
1242	491.85348
1244	489.1444296
1246	485.7469339
1248	482.9808418
1250	479.8191794
1252	477.4398527
1254	474.4895253
1256	472.6631751
1258	471.2052008
1260	469.9801219
1262	469.2610587
1264	469.3857369
1266	469.4824124
1268	469.895336
1270	471.0379746
1272	472.9116724
1274	475.1878536
1276	477.8244759
1278	481.3857688
1280	486.4521704
1282	491.8026745
1284	497.9656601
1286	504.2445057
1288	511.7127177
1290	519.5141958
1292	529.702611
1294	540.1056788
1296	551.8759447
1298	564.6113185
1300	577.7325869
1302	591.5155056
1304	607.4495549
1306	621.9938926
1308	642.5871635
1310	662.6740719
1312	686.3867223
1314	704.0938649
1316	720.6789178
1318	746.2173663
1320	790.7398717
1322	803.5386829
1324	846.442761
1326	899.4050685
1328	898.6298827
1330	914.0131832
1332	932.9637754
1338	1053.215625
1340	954.9321149
1344	1050.56385
1346	1049.726113
1350	1840.160321
1354	985.1127519
1358	947.6165413
1360	982.7316589
1362	884.3235118
1364	944.7122546
1370	939.9695336
1378	927.8104377
1380	1020.463098
1390	922.5637002
1402	816.780342
1404	840.9133095
1408	819.3841446
1410	871.2051921
1414	854.3424701
1424	680.5827938
1426	757.2704112
1434	742.6709941
1442	734.9368434
1444	733.8871444
1450	732.3003483
1456	733.1199624
1458	698.1521237
1460	735.7105367
1466	805.237857
1468	686.3170324
1472	756.52524
1474	679.9904888
1476	766.0998636
1480	715.1009895
1486	694.6893803
1498	884.1546231
1502	893.4541203
1504	898.0478302
1506	743.783073
1508	784.2887023
1512	854.2096195
1516	751.1417315
1518	829.9688798
1522	934.6217203
1524	765.6120522
1526	798.957745
1528	883.3885365
1530	805.4585582
1532	951.107973
1538	862.2446858
1542	867.7672938
1544	844.7318736
1548	875.2836394
1550	852.109761
1554	917.8902194
1556	883.9344478
1558	860.3530753
1560	862.1205317
1562	864.0502222
1566	893.019937
1572	994.9907848
1574	792.3240633
1580	938.787271
1586	906.2565804
1590	810.9324716
1596	1008.530519
1612	1014.691797
1614	953.9070157
1616	954.5466062
1620	955.7128517
1624	956.8076574
1628	896.4256957
1630	958.2651404
1632	1020.173867
1636	862.2059613
1638	862.6310029
1640	924.4503364
1644	795.2007797
1648	900.3357051
1650	926.1129284
1654	840.0172413
1692	813.6434962
1708	797.8501036
1710	732.6900198
1714	697.2090284
1722	707.515361
1732	741.9443783
1748	679.5625525
1760	760.6022907
1766	666.0041592
1792	934.831455
1820	730.6217101
1822	934.5913842
1828	717.0328167
1838	695.3512026
1856	781.2933878
1872	476.4191329
1896	-63.1229636
1910	-126.4875017
1916	46.62843439
1918	268.7792043
1920	89.65973343
1924	-208.4059794
1926	-135.0813659
1932	-222.6694835
1934	33.32999409
1936	-113.9645295
1942	-260.1892231
1948	-152.0959233
1950	-17.5335977
1952	30.81235479
1958	105.661042
1964	103.5722212
1970	3.476191694
1972	3.223319833
1978	-154.4820309
1980	87.62213733
1982	61.43469299
1990	-61.43469299
1992	96.41349663
1996	102.4377221

